0 0.403750 0.499375 0.659167 0.316250
1 0.119167 0.712500 0.041667 0.047500
2 0.297500 0.753125 0.020000 0.031250
2 0.369167 0.745625 0.020000 0.031250
2 0.431667 0.739375 0.016667 0.028750
2 0.620417 0.717500 0.015833 0.022500
2 0.653750 0.716250 0.015833 0.022500
2 0.689583 0.715000 0.015833 0.022500
3 0.351667 0.744375 0.231667 0.113750
3 0.645417 0.716250 0.107500 0.082500
3 0.785417 0.701250 0.082500 0.065000
3 0.894583 0.688750 0.052500 0.055000
3 0.970417 0.681875 0.045833 0.048750
0 0.839167 0.563125 0.211667 0.168750
0 0.970417 0.583750 0.059167 0.125000
2 0.769583 0.708125 0.010833 0.021250
2 0.794583 0.703125 0.010833 0.021250
2 0.816250 0.700625 0.010833 0.021250
