0 0.447656 0.558617 0.592187 0.329426
0 0.848047 0.610785 0.221094 0.203986
2 0.440625 0.733880 0.012500 0.025791
2 0.529687 0.733880 0.012500 0.025791
2 0.582031 0.733880 0.012500 0.025791
2 0.650000 0.731536 0.012500 0.025791
3 0.385156 0.753810 0.145313 0.070340
3 0.542188 0.750879 0.104688 0.064478
3 0.661719 0.746776 0.082812 0.058617
3 0.782813 0.742673 0.070312 0.055100
3 0.854688 0.743259 0.057813 0.049238
3 0.917188 0.739742 0.050000 0.049238
2 0.776563 0.735053 0.012500 0.025791
2 0.808594 0.733880 0.012500 0.025791
2 0.850781 0.733880 0.012500 0.025791
2 0.875781 0.732708 0.012500 0.025791
2 0.911719 0.731536 0.012500 0.025791
1 0.224219 0.701641 0.042188 0.041032
