0 0.460417 0.500000 0.585833 0.385000
1 0.253750 0.746250 0.035833 0.060000
2 0.425833 0.800000 0.018333 0.032500
2 0.478333 0.798750 0.018333 0.032500
2 0.522500 0.792500 0.018333 0.032500
2 0.663750 0.773125 0.012500 0.026250
2 0.688750 0.774375 0.012500 0.026250
2 0.714583 0.771875 0.012500 0.026250
2 0.782917 0.766875 0.012500 0.026250
2 0.802917 0.768125 0.012500 0.026250
2 0.821250 0.766875 0.012500 0.026250
3 0.460000 0.788750 0.185000 0.137500
3 0.676250 0.768750 0.109167 0.105000
3 0.795833 0.760625 0.090000 0.083750
3 0.885417 0.751875 0.050833 0.068750
0 0.845000 0.584375 0.180000 0.228750
