0 0.504583 0.439375 0.652500 0.601250
2 0.467917 0.855625 0.017500 0.038750
2 0.366667 0.843125 0.020000 0.038750
2 0.255000 0.831875 0.011667 0.028750
2 0.234167 0.830625 0.011667 0.028750
2 0.213333 0.828125 0.011667 0.028750
2 0.169167 0.824375 0.011667 0.028750
2 0.155000 0.823125 0.011667 0.028750
2 0.137500 0.821875 0.011667 0.028750
3 0.440833 0.847500 0.200000 0.175000
3 0.249167 0.828750 0.101667 0.112500
3 0.161667 0.822500 0.068333 0.087500
0 0.123333 0.627500 0.113333 0.260000
1 0.700833 0.766875 0.083333 0.091250
