0 0.583203 0.545339 0.199219 0.166949
0 0.426563 0.523729 0.117188 0.150847
1 0.656836 0.648305 0.016016 0.023729
2 0.580273 0.657203 0.004297 0.012712
2 0.598242 0.660593 0.005078 0.014407
2 0.611719 0.664407 0.004687 0.015254
2 0.526758 0.644492 0.005078 0.014407
2 0.513867 0.641102 0.005078 0.014407
2 0.497852 0.639407 0.005078 0.014407
2 0.466992 0.630932 0.005078 0.014407
2 0.456836 0.629237 0.005078 0.014407
2 0.401953 0.613983 0.003906 0.011017
2 0.392188 0.611441 0.003906 0.011017
3 0.602344 0.658475 0.054688 0.062712
3 0.516016 0.637288 0.051562 0.062712
3 0.460938 0.626271 0.044531 0.055932
3 0.394141 0.612288 0.040625 0.050000
